111111111110000101010101010101010101010101010101010101010101010101
010101 1010101010000000000000000000000000000000000001
0111111111111111111111101111 111111111110000101010101010101010101010101010101010101010101010101
010101 1010101010000000000000000000000000000000000001
0111111111111111111111111 111111111110000101010101010101010101010101010101010101010101010101
010101 1010101010000000000000000000000000000000000001
0111111111111111111111111 111111111110000101010101010101010101010101010101010101010101010101
010101 10101010100000000000000000000000000001010000000001
0111111111111111111111111 111111111110000101010101010101010101010101010101010101010101010101
010101 10101010100111111111111111111110000000000000000001
0111111111111111111111111 111111111110000101010101010101010101010101010101010101010101010101
010101 10101010101010000000000000000000000000000000000001
0111111111111111111111111 1010111111111110000101010101010101010101010101010101010101010101010101
010101 101010101000000000000101010100000000000000000000000001
0111111111111010101010000000000000001010000000000000000000001
0111111111111111111111111 111111111110000101010101010101010101010101010101010101010101010101
010101 1010101010000000000000000000000000000000000001
0111111111111111111111111 111111111110000101010101010101010101010101010101010101010101010101
010101 1010010101111111111111111111111101010000000000000000000000000000000000001
011111111111111111111011111 1111010101111111110000101010101010101010101010101010101010101010101010101
010101 1010101010000000000000000000000000000000000001
0111111111111111111111111 111111111110000101010101010101010101010101010101010101010101010101
010101 1010101010000000000000000000000000000000000001
0111111111111111111111111 101010111111111110000101010101010101010101010101010101010101010101010101
010101 10101010000000000110101010101010000000000000000000000000000000000001
01111111111111110101111111111 111111111110000101010101010101010101010101010101010101010101010101
010101 1010101010000000000000000000000000000000000001
01111010111101011111111111111111 111111111110000101010101010101010101010101010101010101010101010101
010101 101010101000000000010100000000000000000000000000001
0111111111111111111111111 111111111110000101010101010101010101010101010101010101010101010101
010101 1010101010000000000000000000000000000000000001
0111111111111110101010101111111111111 111111111110000101010101010101010101010101010101010101010101010101
010101 1010101010000000000000000000000000000000000001
0111111111111011111111111111 